-1.649890545987192370e-01
1.761879067412125965e-01
1.100726639819565644e+00
8.222152126495915203e-01
-8.778957409312205806e-01
8.763890080332810140e-01
2.409825083498062792e-01
1.220062166329226372e+00
5.585235258361486155e-01
3.095045700409238543e-01
-3.304056886247758867e-02
-9.706115400074908361e-01
-5.230368725161503862e-01
-5.536914337380500761e-01
-8.070098027715657540e-01
-1.802803813979979797e+00
-8.847170119657380427e-01
-1.103900809726288568e+00
-8.038628877444108367e-01
1.724980194853603654e-02
2.482029016610858563e-01
2.348494612085644806e-01
5.324819661910865642e-01
7.431893259374817706e-01
1.171195855538555763e+00
6.240215256091065088e-01
1.170904721923273328e+00
7.430962317323436261e-01
8.464397819127927880e-01
-7.825507579986479278e-02
-1.045945716430166372e-01
6.989250803625907116e-02
-3.475115036639660482e-01
4.351489403326980199e-02
-1.174775633843250455e+00
-4.454161104119601644e-01
-1.062489556121660517e+00
-1.591505749747895715e-01
-3.873167010197346993e-01
-4.945504451470992824e-01
-2.810000140048661832e-01
1.084227981487343895e+00
1.693824265512308136e-01
9.424892169906898820e-01
1.449829758388961221e+00
1.655848185711208842e+00
1.121948661603083153e+00
7.858791020672839522e-01
3.873623889536030873e-01
1.617797502838048018e+00
-1.002407488935994906e-01
-6.957581042971181517e-01
-2.400570276065511210e-01
-5.736146835393408638e-01
-6.151733230503422245e-01
-8.211843323922140003e-01
-1.046888640282522820e+00
-6.321984820458677046e-01
3.639467801126071711e-01
-5.304862561125052167e-01
4.013394776377626760e-01
2.902423469197443762e-01
4.770020559526241266e-01
1.622302526896787889e+00
1.085761516689407680e+00
1.302884211353673383e+00
1.191884711327789059e+00
3.811677043698989409e-01
5.991563773130409443e-01
6.670844407522081854e-01
-8.255101920154589434e-02
1.131976848230832333e-01
-2.851139693868410263e-01
-1.615897944966650623e+00
-3.678263236431422722e-02
-1.572792881593966463e+00
-1.019364949835155798e+00
-1.475112081615678417e+00
-8.196982659140805705e-01
-3.192546210784394933e-01
-7.512761518211786838e-01
-1.481198718702289030e-01
4.463058187943413357e-01
8.456664253185507407e-01
-5.677617829773762281e-02
9.205955400013805523e-01
1.596087290231195333e+00
3.592314380621199343e-01
-1.707751600905841327e-01
8.846113548167133800e-01
-9.162472348385698462e-01
-3.124204864852798691e-01
-6.102163900795359863e-01
-1.059568873678182532e+00
-8.884576977177577328e-01
-2.044953459481977376e+00
-9.599061505610696488e-01
-4.688225759216029243e-01
1.328993372295028674e-02
-1.843736111817246559e-01
-1.247684414580991635e-01
-2.001147549300426598e-01
7.376447464073878635e-01
1.384371366013190441e+00
1.203915162016778950e+00
1.108224559714909407e+00
7.290195580693972222e-01
2.356393693739352591e-01
5.250061180219840473e-01
2.938827545430426902e-01
1.712733882220659754e-01
-3.490389676805924490e-01
-2.025364014341323737e-01
-7.391556103313892123e-01
-4.683476757241388233e-01
-7.544469624588507894e-01
-1.125202568063191855e+00
-7.291293416721507104e-01
-6.189985556046273540e-02
-5.484424780991260517e-01
5.654906211495024093e-02
-8.569015863690156998e-01
3.787739443616461310e-01
5.473734370320810783e-01
7.780678561180208730e-01
1.501692859185465467e+00
3.727965385515821239e-01
7.886753344901759055e-01
-2.102203940081722733e-01
3.148708747387929385e-03
-5.307717288289778290e-01
-5.424816811224572044e-01
-6.624392989440942570e-01
-7.042958400424232934e-01
4.621674846368961642e-02
-3.417083419266757627e-01
-6.426082777229973342e-01
-1.725043988331919298e+00
-4.385422196495647462e-02
-5.929435938862557265e-01
-5.066665126810709907e-01
5.468568945617544586e-01
2.826260856597113680e-01
3.938194023403673305e-01
6.815654473078923692e-01
1.098604242454226831e+00
4.961779672746355341e-01
1.755303757212689941e+00
1.373237790341805376e+00
7.191104563527583871e-01
1.507312053641515492e-01
-1.145915835969442687e-01
-4.625649488381841645e-01
-1.164892023041794289e+00
-2.557802255068940545e-01
-4.851310571309591646e-01
-4.849307537037135241e-01
-1.216459341160824881e-01
1.155570019428986406e-01
-8.803045269048570542e-01
-7.156550776959928750e-02
1.020751407948212286e+00
1.110460011093544752e+00
6.625894257605879911e-01
1.036386757401251968e+00
7.733706429253083270e-01
4.124150607065151242e-01
1.178095288807608387e+00
6.618312745616795612e-01
1.980239691879915331e-01
7.207441251739542531e-01
2.046192984772550738e-01
1.265938403224153852e-01
-1.056106457175416846e+00
-1.852294863228897137e-01
-1.202817581177992201e+00
-1.388082065291176725e+00
-9.656466305579007869e-01
-8.749835309393866334e-01
-4.584589382739852614e-01
1.086990793911008640e-01
2.413026556182067406e-01
2.493244070203135543e-01
8.538820345143240953e-01
7.467028807818421043e-01
1.169829710125120270e+00
6.452705397703717427e-02
-2.438564904293005764e-02
4.830747522086068502e-01
-4.596224533413718061e-01
-7.678496652109423337e-01
-2.634602754957264814e-01
-6.706699998918941308e-02
-1.673884817595636676e+00
-5.977979657494982835e-01
-9.678969057920437935e-01
-1.161833694974318210e+00
-5.436656188261317357e-01
-1.953154753128216181e-01
-2.400097043013318665e-01
1.370504210539804646e-01
3.807459994650680413e-01
2.508066157297778043e-01
4.790341206921477357e-01
1.287813616630859803e+00
7.878876298817395485e-01
7.917384342708925216e-01
1.032601447391584548e+00
1.192511669208073388e-01
-1.736913927440824623e-01
-2.515222773746823015e-01
2.536578647631381744e-01
-1.539494378178460465e+00
-2.636920383675191992e-01
-1.285700438472971330e+00
-8.482596018090371448e-01
-1.046081740193216536e+00
-8.620270942475430909e-01
-5.735119805153876538e-01
-6.029344162957051001e-01
-1.588743833998029209e-01
4.758747815337420195e-01
3.949467292865236345e-01
9.551248150016025118e-01
9.365971043487099079e-01
1.138119840167163721e+00
1.471429224203956387e+00
2.142898077412375146e-01
7.251078309200700289e-01
5.814288007051766627e-01
-5.168041005133087173e-01
1.147168805187279039e+00
-9.485825253525739242e-01
-2.908009454760360768e-01
-1.267594431397743637e+00
-1.004684583979151835e+00
-8.549268936152052412e-01
-8.583200341671981537e-01
-6.711278329511076723e-01
-5.002046899393431945e-01
-1.436161651604584533e+00
5.605322643071413147e-01
2.080099436386294021e-01
6.924696277535380418e-02
1.323078316206008687e+00
1.482419959968044765e+00
6.534871070869272547e-01
5.717500128778826296e-01
-2.365186744427192345e-01
4.080712704194289775e-01
5.098283511775264509e-01
-6.010014272069041930e-01
-2.279215086081461394e-01
-1.413739065315810617e+00
-9.933311944456308940e-01
-7.610936100813593397e-01
-8.909857066511439605e-01
3.279721823905791256e-01
-2.756622169350413931e-01
1.162184520486773120e-01
-3.794749125050108640e-01
1.300480730775356586e-01
1.418963493158591271e+00
7.265625235212028743e-01
9.842481678449832572e-02
-2.774387078180695632e-01
1.414631781505001573e+00
1.077751389885453159e+00
7.164208059255061656e-01
-2.871575729740301064e-01
-1.732041541138625296e-01
6.500312389261464485e-03
-9.079807768433254545e-01
-7.293425931617969482e-02
-7.613923270168151403e-01
-1.311301850695775428e+00
-1.526756508843314819e+00
1.829961725726921840e-01
-5.064048417314290784e-01
-2.894591192967480020e-01
3.458380707476883115e-03
7.759360197388478486e-01
1.303327714364137968e+00
5.427388346556942800e-01
5.236512015754122285e-01
6.061145111017716136e-01
2.194751076142246182e-01
4.942635891465225195e-01
6.863020974575562150e-02
-2.213947548821377787e-01
-1.007562951799495732e+00
-3.781978382919800041e-01
-1.123818042765068470e-01
-1.097661366516940795e+00
-8.574278022210124472e-02
-1.251664620066071265e+00
-1.029326502795981702e+00
-1.076615544622491427e+00
-5.478557066196051428e-01
-4.427675513421764908e-01
1.294071714756266697e-03
-3.229306378406315847e-02
1.385122487421561188e-01
2.202605561191274264e-01
1.732173815544494344e-01
9.867479794288985806e-01
8.172293037202820187e-01
1.326761111963736806e+00
4.844894713938764919e-01
4.771721177985578377e-01
3.579913158491273006e-01
-1.220291856411678699e+00
-5.242305777982168014e-01
-1.871679508254036062e-01
-7.893463776488539585e-01
-3.662789854835302172e-02
-3.690539684345478522e-01
-1.276904582022517110e+00
-1.055919250511435648e-01
2.339406032094508148e-01
-6.186221554612953977e-01
-6.268995573692568435e-01
7.191168855840306406e-01
1.649875654056988550e+00
1.399284730919729602e+00
1.394553937200473381e+00
1.566132323695758721e+00
1.019016433029916291e+00
1.243880591067530794e+00
5.872112254893695482e-01
1.477314562619832239e-01
-8.862941712536152039e-01
-9.856806066368687391e-01
-8.101145688130344524e-01
-1.528632041902898031e+00
-1.571527415972433506e+00
-1.293345817958142963e+00
-9.397654205562653296e-01
-8.883467688852477728e-01
-8.082472488892544771e-01
-5.063210980737669481e-02
2.583055842500289190e-01
9.040727484069550624e-01
1.634056622679967763e+00
2.599007207214605319e-01
-4.083974760855342279e-01
8.546930233496561335e-01
5.783027091517100038e-01
1.115289625195263978e+00
2.315084907977886242e-01
3.392195639094161552e-01
-8.370212336045133039e-01
-4.623381973207738582e-01
-9.907759516307592662e-01
-1.064482001216249696e+00
-2.021348741371941315e+00
-6.901946036472565993e-01
-6.439451586265672045e-01
-3.191728892253204442e-01
-2.177305918360433468e-01
-1.614766802237952992e-01
-5.150196013229111358e-01
4.246625763007338961e-02
6.534807644866359455e-01
1.381184283564027560e+00
9.020230581979402640e-01
4.469252890284861612e-01
6.852107546566372775e-01
3.053834484951381545e-01
5.567936283638876827e-01
6.242569649314088504e-02
-7.693852114445681734e-01
2.371634431987703628e-01
-1.187365257549279018e+00
-1.232583452604623542e+00
-5.800366424419159950e-01
-4.220007301086847740e-01
-1.072061931668024881e+00
-3.276378199151299686e-01
-6.377733413311614807e-01
4.901020751657498842e-01
8.172031613068134748e-01
-8.905976122098513414e-02
5.610265364305735414e-01
1.915428511968882308e+00
2.047901657577166912e-01
-1.968274825340073919e-01
4.690677713878632082e-01
2.472697318611769002e-01
6.477191044799157638e-03
-3.815272594652190374e-01
-4.518493211080687466e-01
-2.385303674398706608e-01
-1.851695469258631821e+00
-7.397545715448303749e-01
-1.533128886124144330e+00
-7.915386148185518111e-01
-6.418551065341241424e-01
-9.972959062378514705e-01
-1.618297389493197069e-01
4.015536793262498155e-02
2.586942615257391553e-01
1.928574336012653379e-01
5.200928136380991162e-01
5.151219662230761553e-01
1.180661367871844281e+00
1.181676207181081573e+00
1.140631201498403025e+00
6.245413581723122665e-01
-2.887793963113678974e-01
4.035930867403941802e-01
5.512085941860729310e-01
-5.672103368200704931e-01
-1.019376994201691922e+00
-1.214987378259575479e+00
-6.915805171262803253e-01
-1.087160424139400616e+00
-8.983658512957337638e-01
-3.235861759881894506e-01
2.518271013397757052e-01
6.101322466886879292e-01
2.213881566188595218e-01
1.998484917627963986e-01
9.648445340222501221e-01
9.192120150242434340e-01
1.544333439636574212e+00
6.558519797676505281e-01
6.737020134687023987e-01
2.794531683889292517e-01
4.778150390078037546e-01
-3.140268498818939436e-01
-2.769263149813622205e-02
-1.432236616229756176e+00
-1.438527753027350808e+00
-1.185656233260457881e+00
-1.150211601738168499e+00
-8.728571182676433393e-01
-1.165187613758698504e+00
-6.438793763958672312e-01
1.957528146796106983e-01
-2.666722605503051846e-01
5.139703905897489156e-01
4.915399600055374574e-01
1.507294522337450093e+00
6.715837106692779113e-01
1.651910878801079230e+00
2.120155346927984574e+00
5.884293489148929579e-01
6.984938940119667095e-01
1.807818775345518547e-01
-7.017503138385727812e-02
-1.121790923181343214e+00
-7.851792887608245453e-01
-1.133768749090441341e+00
5.660859604780887899e-02
-1.353184545945484540e+00
-8.518909211628348244e-01
-8.897834078975522809e-01
-1.194040141718147652e+00
-1.551119961549950743e-01
5.882407381451228157e-02
3.963256390690190201e-01
-8.101089642157588422e-02
5.113639556666313979e-01
7.604868580012800194e-01
1.096918173269440633e+00
1.627952656671350251e+00
1.220168030236919554e+00
8.617306361994545583e-01
4.432428789452399487e-01
3.065303375294317449e-03
2.197478902364973785e-01
-6.673505683386538045e-02
-9.476746048647832765e-01
-2.886053049914109048e-01
-1.291309938755582643e+00
-1.527058268204433356e+00
-1.299965810700455693e+00
-1.303287511778068453e+00
2.970173561300774590e-01
1.588717689382337372e-01
9.984754204786027154e-01
-4.207216510445425106e-01
1.390378176821771561e+00
1.076273324823274313e+00
9.346178409392930098e-01
1.103202260302761584e+00
5.462859131329217410e-01
1.528506990038420166e-01
-8.276709765185283896e-01
2.358542452662783229e-01
1.599989997484035920e-01
-1.136848612285954241e+00
-1.404039289729248630e+00
-4.847808875045065413e-01
-1.241417625121072676e+00
-1.948128268907010963e+00
-6.043298770516412066e-01
-9.715888843697828570e-01
1.209884413788083202e-01
1.253338602792933854e-01
5.833961037880526224e-01
1.181391637943517647e+00
1.283396931757708082e+00
7.309130354687211062e-01
1.322855036195600187e+00
5.883910486285341968e-01
5.165611326502150824e-01
1.397205603124338946e+00
3.424195176778711547e-01
-1.053885238795416068e+00
-2.680686267505933973e-01
1.664906571151804071e-01
-5.484173703486436846e-01
-8.146537879140810512e-01
-8.214748591736771299e-01
-1.375820697258970160e+00
-1.695021511555137916e+00
-8.936170010219637305e-01
-5.413451012539673979e-01
3.620161856815756057e-02
8.551524237785010918e-01
5.822628648004737340e-01
3.059839839409638218e-01
6.677506235431724946e-01
1.063712270818888195e+00
3.250048765594173439e-01
5.755950623953671741e-01
-2.607275863088709400e-01
-4.030448980280917914e-01
5.833616673970413169e-01
3.150439683458222118e-01
-5.727597040166779729e-01
-1.954044306890045046e+00
-7.817666212480347543e-01
-1.500421298191818575e+00
-1.396906009375607605e+00
-1.295937845520438003e+00
-1.960642068000604255e+00
7.514839825733804490e-02
8.040063978443041659e-01
4.113311507941732059e-01
7.274184049284206921e-01
1.330860208937732381e+00
2.031262592809127021e+00
7.114451079389136900e-01
1.856432682209415042e+00
1.031022761066558768e+00
9.365109179914392623e-01
7.161019774330035226e-03
-5.326468322555665269e-01
2.013021535718496624e-01
-5.021297696435490510e-01
-7.469810398899787707e-01
-1.822820155827491462e+00
-6.289116133041363632e-01
-7.643202461156093364e-01
-5.069084090247588659e-02
1.665403642546285923e-01
-5.720515487561375068e-01
5.803869321346410981e-02
2.787917269225311245e-01
2.495924729761282990e-01
1.324671175688103775e+00
1.398657376368341865e+00
1.088129349907485111e+00
1.021491379090889273e+00
1.375908968543076760e+00
6.032560352012250604e-01
-1.474970932683940528e-01
8.658385506684991920e-03
5.722995712086881293e-01
-9.548502334148769588e-01
-1.219820800499499924e+00
-2.861818874492999543e-01
-1.210625334182727775e+00
-1.907912660665042726e+00
-2.815410053305926752e-01
-4.718704275896213329e-01
1.474742930462646373e-01
-6.953980319288762812e-01
8.715703837398253162e-02
1.098650505084147966e+00
1.169180754273208667e+00
1.212492962927621321e+00
3.165137583277077837e-03
1.870314224160021688e+00
1.028849148580455841e+00
3.956525970218683907e-01
2.166460320655141936e-01
-2.800417058417540433e-02
-2.850467984256321863e-01
-1.421296887344437043e-01
-9.991922112699214154e-01
-1.424721457484146692e+00
-1.533580222358959411e+00
-1.868372272946859702e+00
-1.397669746394269108e+00
-9.008232791420397456e-01
-4.469610603811573490e-01
1.969550853343065844e-01
2.908991655716214875e-01
9.233626948195257089e-01
7.574830953934039712e-01
1.047169019577967930e+00
1.590722008378874452e+00
7.051861549649549588e-01
8.609653209546795916e-01
9.987540814305031489e-01
6.225211524836682386e-01
-2.302948110455323508e-02
5.766418805107169643e-01
-1.720607094987139929e-01
-7.222717020487872119e-01
-7.558153273415511020e-01
-2.117473776833570298e+00
-5.076272316824874675e-01
-1.849645337410352752e-01
-6.602625053055877213e-01
-5.341354812848235767e-01
2.253299909476115803e-01
-7.504092126929262641e-03
2.588989426690221363e-01
1.076471692296795846e+00
7.574819414221924951e-01
3.233237150812153793e-01
5.785506947110580223e-01
1.868795839260815939e+00
1.201698595726058416e+00
1.061987241357129852e+00
-6.663142935725759053e-02
3.455022157495890589e-02
-5.134443688776584303e-01
2.893108179418097947e-01
7.799752105159696303e-02
-8.218143367986561199e-01
-1.447636946018090232e+00
-7.607373711628233615e-01
-8.436785787379943446e-01
-1.230685455831248110e+00
-1.910281372209433060e-01
3.923102704546050368e-01
4.145129113536001886e-01
6.508801444169718398e-01
4.911834060167541982e-01
1.713544231064882073e+00
1.149469290369982577e+00
1.194784713167833745e+00
6.461182171982415845e-02
4.656597968717282043e-01
4.580525997906607083e-01
-4.354246445298829427e-01
-2.185349014763148245e-01
-1.096282839518714969e+00
-9.594411732748019395e-01
-3.806844757958042225e-01
-9.227810506157967385e-01
-8.171862718471100129e-01
4.530912959852206878e-01
2.556823185853324687e-01
-1.387403889445330274e-01
-9.862924192217437103e-02
5.225040894478543141e-01
4.625034522405097603e-01
8.886048260712218205e-01
1.294436524127875021e+00
7.069985567316946495e-01
6.728096906791238840e-01
7.405276392262132301e-01
1.444116757528433326e-01
6.208494498863360161e-02
-3.735743950535974078e-01
-6.336203008820907590e-01
-7.746872763906967885e-01
-1.064446523669819511e+00
-3.820155494589253520e-01
-8.152366721376138603e-01
-9.120212672933389886e-01
-6.207133685616010865e-01
-5.057881734050171385e-01
-1.300624446857166827e+00
7.475338568951248597e-01
6.600958785973083387e-01
6.647521210672390213e-01
1.445637723669238595e+00
2.528266645670381729e-01
1.124542854248883339e+00
1.064376853963261649e+00
5.707681958649272191e-01
-3.367749969614819427e-01
4.682645069926353876e-01
-9.756249102130518103e-02
-5.419899098270518634e-01
-1.383810203597974020e+00
-1.558958803598649911e+00
-1.533007605825698061e-02
1.198691522954724586e-01
-2.189951482315142250e-01
-4.781855394249110436e-01
5.523529684544451479e-01
-6.261094340499837596e-01
-4.587021349124198455e-03
4.007885947307179286e-01
1.228692357517779277e+00
1.718345996414648136e+00
3.893932028929190103e-01
8.587509297671347408e-01
1.094913241257842618e+00
1.107219452715908270e+00
-1.015922156446034119e-01
-1.635468351475672932e-01
3.154689484063266658e-01
-3.221051427969532921e-01
-2.246394671058438153e+00
-1.192226006237260716e+00
-1.389077000039949494e+00
-5.214479365076943873e-01
-1.075855917364689773e+00
-1.224572992141613081e+00
-3.002180332588602063e-01
3.374446602095389491e-01
1.393040917245484400e-01
-2.339908763005991155e-01
5.045651851305805735e-01
8.358503297900002904e-01
5.289055472356207765e-01
4.948444228181324567e-01
1.660831573960736218e+00
6.185904156818819999e-01
4.697797005929629233e-01
8.197200510574387256e-01
-5.429080710924343300e-01
-7.545191074657547903e-01
-8.033213560600558356e-01
-1.532627564354006600e+00
-1.114847828751375669e+00
-8.184868175107747890e-01
-1.399930049789624986e-01
-4.292125575967782325e-01
7.828362721303996352e-01
-1.989663434140655218e-01
2.047056569684310157e-01
4.100381499182050860e-01
8.374606574275617055e-01
5.214984140653275979e-01
1.609460744770879526e+00
9.148748788860768810e-01
1.705432062641661695e+00
1.224584909422479218e+00
2.471722934578025888e-01
-5.885405796412770396e-01
1.397123256245486056e-01
7.217738961856512425e-02
-9.566196857693566313e-01
-7.918496985371581420e-01
-9.625689173360313378e-01
-8.527977038364656925e-01
-9.020473485610508435e-01
-7.244224587072243260e-01
-3.780781659158347630e-01
-4.174224288663682531e-02
2.553156039078691153e-01
6.955696927541388241e-03
4.245172851473357212e-01
1.515799112378295010e+00
1.512266012051104891e+00
9.987789756784198891e-01
7.879496484267646261e-01
1.556565749300008683e+00
5.643340622743957535e-01
-7.399279684211352848e-01
-9.252009622938199840e-01
-1.906158195007325307e-01
3.116095659578301813e-01
-1.374112387573940275e+00
-1.817661503207573359e+00
-7.968884357533387863e-01
7.148048106251359002e-04
-1.776790181311755479e+00
3.909255869162746588e-01
-1.890811025732000439e-01
4.459523679674827767e-01
3.839104927947112333e-02
1.015501998583759447e+00
1.157410558363657582e+00
3.031670466832008248e-01
6.072821961043817218e-01
3.464231175753130776e-01
9.210595513182640026e-01
-2.563268828240185537e-01
-2.953733085198431696e-01
-5.821523629277347567e-02
-3.297275029288608827e-01
-8.707719280378536375e-01
-1.178008436412443904e+00
-3.583930034091518113e-01
-3.052725785975436423e-01
-5.536934452558666120e-01
-6.718698390707695811e-01
-5.480621510744553282e-01
1.433687287406842925e-01
6.158272404711109260e-01
-1.221052700736180441e-02
3.793158497097995907e-01
1.329993206860178523e+00
1.284980811323777505e+00
1.299027205430572485e+00
1.393143690231688936e+00
1.212793355755203972e+00
8.708441659309196226e-02
6.045121025958042349e-01
-8.628134742293639414e-01
-1.299874964276761524e+00
-1.570630099231571375e+00
-6.877208979505811115e-01
-1.421325591302555535e+00
-1.150859305125215393e+00
-6.733815811923926642e-01
-1.079564850775461160e+00
-3.059024013781697082e-01
-8.723211147697104151e-01
1.099788533140053426e+00
7.139036452332829796e-01
1.455936648129440014e-01
5.773135024709379337e-01
1.168666779274889489e+00
1.197115191819381863e+00
1.014057382618027026e+00
3.788404400181832887e-01
4.045398601196905086e-01
-5.479380581884839563e-01
-5.582737846275468430e-01
-6.037816051512991944e-01
-1.858857121795428613e-01
-2.063110292931389367e+00
-1.711010473788504793e+00
-1.029880922687214984e+00
-1.190934985756733289e+00
-5.431342865799687614e-01
-1.831648885996106924e-01
3.309921173056688537e-01
2.445862120221115044e-01
3.801798012479227218e-01
6.840285472080445128e-01
1.150941790089703431e+00
1.762960353734769559e+00
5.971406979797492243e-01
1.085135483703104642e+00
7.227180024844310768e-01
-1.145032307312454090e-01
-4.577495087686321296e-01
-1.772305844458054724e-01
-3.116240612425737466e-01
-9.050535608352094918e-02
-1.530534556782040756e+00
-2.452146354014863583e-01
-1.887342567313378794e+00
-5.344683283790483408e-01
-5.790127613625534186e-01
-7.743643867612030052e-01
7.852572724140743921e-01
-1.851339884560124216e-01
7.824982248658352013e-01
1.488222491552635418e+00
9.800169654957315846e-01
1.814095860359257184e+00
1.376260325005988383e+00
1.091469675515236659e+00
5.138786770273291449e-01
2.876953399625321595e-01
5.168725546409761451e-01
-5.049352242174746097e-01
-1.520430503569371705e+00
5.207290433261597684e-01
-9.555256829827728504e-01
-1.248814449615059941e-01
-1.228632179962443782e+00
-7.860841220196403967e-01
-5.234130575809519126e-01
-1.162311509828168443e+00
1.952600947760219641e-01
5.109991591330343974e-01
8.900305075478252004e-01
1.136736811115744983e+00
8.764860778128688024e-01
2.714476788586308587e-01
2.980449974014696135e-01
4.577160137969174536e-01
1.134720242749826191e+00
6.771378202284830117e-01
1.193672229569126275e-01
8.286303053210302139e-01
-1.025267878127365195e+00
-4.790184208245933939e-01
-6.160574165099936828e-01
-8.867486342160980639e-01
-1.315813171896590195e+00
-1.172116018634737244e+00
-6.177652623899734241e-01
-7.387265306782988539e-01
-9.951202538063804726e-01
2.540514801539473511e-01
8.305297600104453171e-01
1.040158427381907780e+00
4.806958832434030104e-01
7.072744691159122965e-01
1.487019722020704204e+00
8.443979399849607104e-01
7.279009587207494469e-01
-5.205813065367770331e-02
8.669291154318686798e-01
4.694555842734565720e-02
-1.190741555771244187e+00
-1.443713459074507988e+00
-1.287283712141279235e+00
-1.122813277751501193e+00
-7.546892607245049289e-01
-6.628561060614954759e-01
-2.045277924799986935e-01
-3.718096577173929385e-02
-3.020571992749597756e-01
7.508151641396656473e-01
8.473391750275895973e-01
5.562663486034806759e-01
9.878681543679226351e-01
8.413053238752020713e-01
1.302327774736634858e+00
1.059291720736526665e+00
1.800344941600978688e-01
9.070595274242296835e-01
5.509562405949634811e-02
-7.354888530730315788e-01
-1.373484022190332610e+00
2.487411759469875250e-01
-4.361827753866910351e-01
-1.218613817618320327e+00
-9.967951657565453649e-01
-4.006924135700070666e-01
8.245548921440387646e-01
-1.943734389149243125e-01
-1.082053801387896363e-01
6.810871815238146443e-01
1.311455785490696080e+00
1.146731158983046894e+00
1.355174292361589483e+00
9.117581764529487653e-01
1.170536633463183041e+00
1.210368699908888512e+00
6.917940054395150806e-01
2.727183026098192742e-01
2.727986272030210047e-01
-3.894629380273840757e-01
-1.469196210211111797e+00
-4.333279540143035735e-01
-9.663918407694652712e-01
-1.494864764821177694e+00
-9.230755055133530451e-01
-6.266910557411768945e-01
-1.048028568822838569e-01
-1.043043744612579982e+00
2.632544268510373930e-01
3.424853695742852144e-02
-2.693643100128109147e-01
1.311691836953631451e+00
8.756936372736250362e-01
3.558245792064149704e-01
4.623048950321206885e-02
1.413471378052988836e+00
4.173791175605354176e-01
7.879082105917363243e-01
-9.285212772430369299e-02
-2.913373327171283056e-01
-4.198571520642784272e-01
-1.754150327692596711e+00
-6.151309833972464780e-01
-1.268626888659462937e+00
-1.099821601278535788e+00
-9.627484782153704623e-01
-1.545156221067510494e+00
-6.685680640924271945e-01
-1.007937663987097110e-01
1.984587587843199552e-01
-2.799044101979353272e-02
1.529038234897112325e+00
7.645655558297956844e-01
9.754334392528668518e-01
6.847115351239199121e-01
4.054680526558406273e-01
9.935849010330914943e-01
3.215624071936580286e-01
-2.136461517581213498e-01
-4.196727588199525849e-01
-8.834202578996376287e-01
9.380615605387832012e-02
-2.036841188398107461e-01
-8.771828327946471493e-01
-1.564850988076636584e+00
-4.035126696958082348e-01
1.831061266009386124e-01
-3.020675807959767312e-01
6.792899902494128339e-01
6.946184063412633169e-02
7.285639974696931365e-01
3.423239138452632835e-01
2.823648083404023401e-01
1.423970968731771425e+00
6.961441945905021411e-01
1.570940101524916699e+00
7.563732601642821907e-01
1.320107362826386799e-01
-7.856961261510200844e-04
2.393277584762842358e-01
-5.227558956089262132e-01
-9.771064052731949223e-01
-9.720093265544103023e-01
-6.916075773517026404e-01
-6.770606706655478702e-01
-9.534284858828341314e-01
-1.349681821181655916e+00
-6.290760120951505163e-01
-7.170203969803651267e-01
3.182781263268151251e-01
1.015467003265254187e+00
8.626564997241308319e-01
3.277452456973056760e-01
1.237795930162326918e+00
1.723972042873799015e+00
9.674404925378978781e-01
5.326660548943633611e-01
7.809587503209652892e-02
-9.081209590525914921e-01
-6.775533972599485644e-01
-3.961029245910892005e-01
-1.793899020232613495e+00
-8.780214879372638670e-01
-1.776622641132844738e+00
-1.129038843922024915e+00
-1.091397467469354510e+00
-8.186881277166413451e-01
-1.205954889160597565e-01
7.031531985308975274e-02
2.630574664599624746e-01
1.148505567905242719e+00
1.562382236686719050e+00
8.919298913314208654e-01
9.487972082818318942e-01
8.222111385632151492e-01
1.028523948870530225e+00
8.800123530101311431e-01
6.768611967342195168e-01
3.993772393419980915e-01
2.541427041345900584e-02
-1.890673479904636078e+00
-1.252409761229568153e+00
-7.661720896765358280e-01
-1.415046707334970177e+00
3.179282716159209654e-01
-1.465593559713141758e+00
9.335368332425542093e-02
-1.238267312333341530e-01
-5.768008550655935318e-01
-7.931395825896095930e-01
1.116623204341860021e-02
5.878071856978451803e-01
1.915308232499240315e+00
1.092303693596426095e+00
8.899122959548574352e-01
5.959977454245670714e-01
2.576107712469939859e+00
3.715752418439269844e-01
7.153129765005721008e-02
-1.573241704695565457e-01
-2.233782905888151427e-01
-1.981758899986165723e+00
-7.263930239305632641e-01
-7.758402057737393553e-01
-8.469030487905961913e-01
-6.940700632753803445e-01
-9.973821031982575969e-01
-7.622493057098078673e-02
1.117418625483220657e-01
3.129262937173335479e-01
5.005076878264902440e-02
2.334983730439037508e-01
9.603220150720429560e-01
4.670274564656677896e-01
1.200248688827222576e+00
3.237318357213451181e-01
4.467978293118795019e-01
2.976486544182950222e-01
2.534093818109920404e-01
-1.529785505198922035e-01
-5.120882110819809929e-01
-3.354110972036789540e-01
-1.632279974019639202e+00
-9.574163407876453702e-01
-8.707565716048661919e-01
-6.369447571187077939e-01
-5.459208608059609169e-01
-9.714668649516723375e-01
8.595173457700123754e-01
-3.425519257499481940e-02
3.549566313817711927e-01
7.679576200658443375e-01
8.600874642537520431e-01
9.010266521391508965e-01
1.092745301960527993e+00
5.448011938296914991e-02
4.222168669943566766e-01
2.604876184385321869e-01
4.585029812141039329e-02
-7.363243823332810134e-03
-4.331226226807249891e-02
-6.438437186679044633e-01
-1.766608092836890798e+00
-8.109554598119280699e-01
-1.226945489676546597e+00
-7.798295666376005020e-01
-1.095117584169505442e-01
-8.233290388884745292e-02
-3.805244853129231830e-02
3.891254885478783732e-01
1.044948711110685879e-01
4.272130508564884188e-01
1.971338600002894292e-01
1.264908447643572575e+00
1.013295133754887223e+00
3.096408509086859273e-01
5.062319005891935397e-01
2.517530588958718507e-01
-3.044070039008873185e-01
-1.416412765194535184e-01
-7.118509594480409985e-01
-1.199875077552124303e+00
-1.597307293315915366e+00
-5.049863204542606177e-01
-1.126929676038594730e+00
-7.635735514944217428e-01
-1.185954426872817491e+00
2.575481359955221206e-01
-3.736997507687622733e-01
-2.270935399190262549e-01
1.198412976587454271e+00
6.544670296983436941e-01
1.516140917378775432e+00
7.360278503261585836e-01
4.248661592632327899e-01
5.729913435798333898e-01
7.355869703393635994e-01
9.314856211125706054e-01
5.529032330820409236e-01
1.520557992687072701e-01
-6.819693551663621456e-01
-5.800380048676798683e-01
-4.440035211592860964e-01
-8.398699025421366704e-01
-1.473374623768980651e+00
-1.838331196802247769e+00
-1.524094798267656259e+00
-7.487664091164842883e-01
-6.949219537595217044e-01
4.991139602022473531e-01
1.003559154961540578e+00
6.974392163999820760e-02
6.286063253362028647e-01
8.399355031754019985e-01
1.438784799179217533e+00
8.995256917257016260e-01
-5.097920176537283909e-01
6.902101585238372694e-01
-4.215220115201681050e-01
-8.992082870553139706e-01
-1.202935230828507063e+00
-1.656356810264819845e+00
1.236189529651027241e-01
-1.807416235574146546e+00
-1.596591323001221863e+00
-8.476621834220776641e-01
2.557383800770115512e-01
-3.034012878589744666e-01
1.639459208964403336e-01
4.558204151135734072e-01
6.185095867333838537e-01
7.558061679415905010e-01
1.123235709758016565e+00
9.691604275681023895e-01
1.425386520596869877e+00
4.973589890714734674e-01
1.591464020086722053e+00
-3.083745124329594356e-01
-1.203164010923326310e-01
-3.273119755253269814e-01
7.057707010160529926e-02
-3.916015704507668227e-01
-8.379499856993144480e-01
-8.553848592572375065e-01
-5.453019797255016510e-01
-6.251816061567613270e-01
-6.190618082405335842e-01
-5.804902059516425794e-01
-6.795789357975046130e-01
6.734913347749564849e-01
5.605619083950752479e-02
1.593011562904531830e+00
1.489176769105446940e+00
9.598097209312428379e-01
3.260032494191317243e-01
-3.411289280109701672e-01
4.706654050610775686e-01
7.070218363137542594e-01
7.364611272633632133e-01
-5.185915353690411234e-01
-2.967988725410120043e-02
-2.754906561334489190e-01
-5.200113151063852079e-01
-1.578366630282786121e+00
-9.014698535592841067e-01
-5.368368538124963507e-01
-1.428987992393380146e-01
-2.765274100583265393e-01
-1.044750247859054376e-01
5.445214056854894569e-01
9.170028495491158171e-01
1.121000676964711174e+00
9.071616734257009762e-01
6.960272762971276839e-01
2.214150891996920834e+00
7.192947385455082943e-01
1.844043889996586083e-01
9.087888939890798046e-01
2.614061951800545347e-01
7.001473175606056643e-01
7.041008809196813711e-02
-1.086759037188742116e+00
-8.844792449320213468e-01
-1.384068581759927419e+00
-7.671376431690735131e-01
-7.187581930623927473e-01
-2.413592648401486351e-01
4.367085392903505836e-01
1.557738862223128351e-01
-3.869746178787072943e-01
2.354011373084786696e-01
1.102081568341417794e+00
1.356420256876968988e+00
8.388114293503273755e-01
7.005606890015699806e-01
1.337072804145879257e+00
3.673696934406487369e-01
1.300800122240486634e-01
-4.918257971164437525e-01
-2.193732013929328151e-02
1.668378894088329290e-01
-1.200655656380717584e+00
-5.287506377719219941e-01
-1.290256899734563811e+00
-1.684112072478432642e+00
-2.380187701565806835e-01
-1.601932500641112034e+00
-3.066468922414791187e-01
-9.909146740348262483e-02
2.986806671728810536e-01
9.699129294073138841e-01
1.065044842537016478e+00
1.014758354553545239e+00
3.235042652584305678e-01
1.435823768365592112e+00
1.237064071446606572e+00
1.011359618332322352e+00
4.226461682466818859e-01
-2.242557079441517831e-01
-4.771582304333499280e-01
-1.101443783562404466e+00
-9.678996371533287180e-01
-7.770416488618351325e-01
-1.146773806772352522e+00
-4.303677820298292822e-01
5.381933003886618661e-02
-8.757277452380133331e-01
2.593610196332773454e-01
1.650731610446975195e-01
-1.762732667800253616e-01
9.475991053679244658e-01
1.062134612585681870e+00
2.022703995538200905e-01
2.297532763183665061e+00
6.356227990204699196e-01
5.880728820129228485e-01
8.466454061650110496e-01
5.946878258630015068e-01
3.506174470673120158e-01
-2.845949391444269061e-02
-9.171157652153715256e-01
-1.368985180182558326e+00
-1.059232528554099551e+00
-5.649987234184659091e-01
-1.648283777878215561e-01
-1.639827482270253434e+00
-8.172971269052383692e-01
-8.258287297564165241e-01
-5.875021051270017391e-01
3.429256360304035467e-01
-8.149635122230491913e-02
3.341605868425616133e-01
9.615846785119953610e-01
1.488150037222674138e+00
1.258543461604164415e+00
3.222217046963183895e-01
-4.096968778095406716e-01
-7.589796126509118501e-03
-3.950616475408717521e-01
6.893238264170475915e-02
-1.080369335695368971e+00
-8.888898749056498572e-01
-8.916354730536556472e-01
-8.442491129395766070e-01
-7.535353370975772513e-01
-1.622418568934724803e-01
-8.901609660269775848e-01
1.085390206492789500e-01
-8.515872979166089207e-01
-2.392642727331301677e-01
4.294756131929474696e-01
6.231665245897133332e-02
6.208133575688332684e-01
6.183857283483711331e-01
-1.590282762771242364e-01
5.050737329371912665e-02
1.768877359364850577e+00
6.131269423269517516e-01
4.054719395651179559e-01
9.617293488717976180e-02
-1.164344299770794455e+00
-7.201919536621264051e-01
-1.437167585704024031e+00
-1.179028407922181998e+00
-6.054306675519444125e-01
-5.071801376546801743e-01
-4.900034928241192578e-01
-4.892469504751046361e-01
3.415982391377928723e-02
-1.549819980951644416e-02
1.024222143425897791e+00
9.019735440912858282e-01
1.167670889923524635e+00
8.279747035719235981e-01
7.386725849731532456e-01
3.900621971715734215e-01
5.435298042169609545e-01
6.432065658128018892e-01
3.265897377717175143e-01
-6.208414936943738027e-01
-1.655747040342174792e+00
-2.870208003718429657e-01
-1.255573044942275729e+00
-1.514730810946783635e+00
-7.904974081086624249e-01
-7.834895482102103292e-01
-1.017369466582931370e-01
-5.624244716167002833e-01
-1.684697886227444763e-01
4.919669219547415651e-01
-3.263865743731543256e-01
9.717473550472177646e-01
6.526838235335812310e-01
1.327112938609879667e+00
1.551636959860816845e+00
7.367849222501114959e-01
9.562223630788564410e-01
-3.752077429626818339e-01
-3.279627476073956327e-01
-3.679229153842272781e-02
-4.592166372794512785e-01
-1.015268792906019568e+00
-4.376683284118521033e-01
-1.614758767052248301e+00
-8.262626398208117173e-01
-8.052098392770734581e-01
-1.861341486909491860e-01
-3.754513581761417251e-01
-3.995573488971657650e-01
-4.417428125375015835e-01
8.148954074985210738e-01
1.434127633536421254e+00
1.154328027921962319e+00
1.216018211139981320e+00
1.015829956964784619e+00
7.945872650457440622e-01
7.955769038189048903e-01
3.938670152607847141e-01
-5.267654006980947434e-01
2.705744128002049997e-01
-7.501381969223838153e-01
-1.239341220640669095e+00
-8.672335963725356089e-01
-1.279647385479874888e+00
-2.778455335615422905e-01
-8.614652845141452797e-01
1.521306288072509227e-01
-5.810086562902623264e-01
-7.048525606710108748e-01
-4.968436022585012712e-01
1.097433002967333371e+00
9.481352463517223050e-02
1.270023957751523547e+00
1.643772984316418606e+00
2.163255969765243591e+00
1.031930980735003001e+00
-3.271644765297767599e-01
-3.369475199062457182e-01
8.906174069195650356e-01
-8.499697460340381872e-01
-4.988583975756429867e-01
-5.826290849132442773e-01
-7.699272548361746349e-01
-1.881740110595756965e+00
-1.539423113281588984e+00
-1.061461514322958877e-01
-2.309227081255997294e-01
-1.654183913269025308e-01
3.713845327020989795e-01
2.752528264183654039e-01
9.909495148747704540e-01
3.070764033863124798e-01
1.232311747808502611e+00
1.276101950768669280e+00
5.703059511343991916e-01
1.599099036856528322e+00
8.263193561292057066e-01
5.897420884999613477e-01
4.055524647103809222e-01
-7.113946560341272152e-01
1.112320968655858833e-01
-1.082029937727566171e+00
-6.230586259354617962e-01
-4.479956260435912219e-01
-2.601184162893083851e+00
-4.219131621432633539e-01
-1.043934762215764422e+00
-8.613935592940281660e-01
-1.931323686103647297e-01
-5.548669025642768426e-01
2.056765646009680037e-01
1.101233864557683573e+00
7.219074889809151685e-01
9.318595457995614284e-01
1.165706399201872134e+00
1.048173771972508383e+00
2.403857678617438154e-01
4.480844543534271418e-01
-4.138862070806068050e-01
-5.286925642948704374e-01
-1.059634681767131381e+00
-8.289591306881887167e-01
-1.074011028173720961e+00
-1.674068006082513271e+00
-1.268188128803933612e+00
-1.310470773035447234e+00
-3.525927242077039336e-01
-6.023477149556674681e-02
-5.441249759664343877e-01
1.206031356717087721e+00
5.588359805444871320e-01
8.352126584740825477e-01
1.101127262530102069e+00
1.328650613837172534e+00
6.393937363949414587e-01
1.002558909475736115e+00
5.029210501556757862e-02
9.077847984286395722e-01
-2.800876484730054905e-01
-1.208870677839382068e+00
-8.191518259655805601e-03
-1.133217968544516285e+00
-9.996586454784242015e-01
-1.107094223641930553e+00
-7.439294326214607178e-02
-7.051288480942260462e-01
-6.120349593709797364e-01
1.610794293903436425e-01
-2.061440896386907140e-01
-1.166923283184505777e+00
-1.492643312912033116e-01
8.039397701407730024e-01
3.830742445629616855e-01
1.616775493449609691e+00
9.247994219544898309e-01
9.020315591319041371e-01
7.743878826885524091e-01
-1.761626029068633636e-01
-8.051655734994461744e-01
3.054254146881618670e-01
-2.347283476711731209e-01
-9.099942873099832186e-01
-7.527189034810946033e-01
-2.031665716994498272e+00
1.733187997176044437e-02
-2.774460304145485168e-01
-1.385819598495172222e+00
-5.810881462289690935e-01
-2.747914217044573060e-01
2.308699127682735663e-01
9.243078445422261424e-01
1.325686034869216323e+00
6.038313218953217376e-01
1.970345233602966983e-01
5.092792442531852704e-01
7.383270671661650297e-01
8.340911663059951131e-01
7.512750854047807181e-01
-2.876821284396555156e-01
4.957155649727102431e-01
-2.379451817186042373e-01
-1.228024229612108442e+00
-9.232604500843226703e-01
-1.091047790906686243e+00
-1.092609629916900582e+00
-9.575319985875413442e-01
-1.090247766337084867e+00
-9.387163536439838696e-01
-7.320912842033925338e-01
1.514069523342222445e-01
8.500315266281750493e-01
1.788143568828939101e+00
1.741299308479103303e+00
1.526445350726012951e+00
9.754054504977264228e-01
4.005842816803013573e-01
4.607786500468834534e-01
9.338854959905980024e-01
-1.681450082572755189e-01
-2.845450219656553426e-02
-7.628138008970938300e-01
-6.244575916505782365e-01
-6.921263100364687393e-01
-9.020186853749864175e-01
-1.633425080919727490e+00
-1.143089834337685406e+00
-7.140115492654196538e-01
-2.591407042294737173e-01
4.287516549836176138e-01
1.449140590218931601e+00
1.415041251990933446e+00
1.373034452013297102e+00
9.571202151317633744e-01
9.331371572097775235e-01
1.914330866896463146e+00
8.413693595015124815e-01
3.153414929117477339e-01
4.937925074449185936e-01
-8.754671239606873212e-02
-6.345994987213098293e-01
1.819479434551940500e-02
-5.098277759020497513e-03
-6.719046614713664045e-01
-9.641982295055432362e-01
-7.960935579818793073e-01
-6.678223573121720991e-01
-7.476785996327328654e-02
-8.353357472823288443e-01
-2.994308315407541166e-01
-1.690924103963531988e-01
5.030419857911306858e-01
1.489666905741749758e+00
1.561131004206290918e+00
9.781636828417349383e-01
1.381584589950780817e+00
8.599520118546427616e-01
9.646857338547852878e-01
1.254670917271792252e+00
2.935723482857495181e-01
7.123676016858007110e-01
-2.845727345151144450e-01
-1.028926669245738834e+00
-8.644587935136454071e-01
-1.146780327723655457e+00
-1.593142941277125857e+00
-5.790661870557995972e-01
-2.094653490959615394e-01
-2.328425402759289331e-01
1.908027021287412583e-01
1.685431217693837691e-01
3.474139069197146323e-02
6.156158261104927032e-01
1.129540652189213734e+00
1.530285062998590906e-01
1.162775841464581017e+00
4.455696110493483908e-01
9.357082665817981759e-01
-6.130584110883208204e-02
4.151499367264546159e-01
-5.416514029082672987e-01
-2.125972974737833643e-01
-6.560487787911012392e-01
-1.064218608079577910e+00
-1.134706532963339898e+00
-7.716166088891878161e-01
-1.322451791134446886e+00
-1.900767558029147208e-01
-1.457407102851624892e+00
-3.101441370789109753e-01
1.275915273930329885e+00
1.908434013966712195e+00
4.718152567194042746e-01
5.782730635430517463e-01
1.051472655510855336e+00
5.906251991359587894e-01
1.471022191393263956e+00
2.536576548078450233e-01
1.326311225703145358e-01
2.576537710585505847e-01
-4.415531349278049023e-01
-2.687907658898350260e-01
-1.245132834929562282e+00
-9.667714923547141570e-01
-8.249818292865157554e-01
-1.130608619408274729e+00
-1.969697128772057049e+00
-5.270949915298930311e-01
-4.024188284964236306e-02
-1.040425106021557536e-02
-2.477893844186445649e-01
5.386317568495120334e-01
7.085970702425149481e-01
1.244117014601759497e+00
4.333795310800194756e-01
1.084655107213307046e+00
1.090211151399200995e+00
1.115176445920452286e+00
6.224176890698532860e-01
-2.177116225232914037e-01
-1.738005008349981506e-01
5.661943608703313702e-01
-1.040145635971781335e+00
-6.607808230529701454e-01
-1.331055230754400354e+00
-1.337129075182617921e+00
-2.586182663662150993e-01
-6.104823560215738576e-01
-8.707882456895215117e-01
1.632563567351856815e-01
8.087972793367441682e-01
7.760365501991561832e-01
8.504254298037923210e-01
9.599079029332232560e-01
8.632157501123324250e-01
1.193818699767133840e+00
1.170946981278563337e+00
2.771540476038720779e-01
1.227538399059022955e+00
2.864315655836091601e-01
-1.121348938164601350e-02
-2.648349773318137146e-01
-3.619675838297915504e-01
-5.616834813519153702e-01
-1.582939027975211577e+00
-6.626326747647004467e-01
-1.120711514957460020e+00
-1.426252779712008811e+00
-3.067584744395033258e-01
-4.365080023957987332e-02
-1.496906563201029217e-01
1.302901529046986417e-01
4.706834285849779698e-01
1.120608367615743450e+00
5.932232353846711437e-01
1.119280147054578567e+00
7.117866494528501953e-03
4.468040580700904929e-01
3.663157630256322905e-01
1.568759074034058523e-02
-1.136361719353397248e+00
-1.592038729180817125e+00
-1.008941455412255106e+00
-6.509535052931829657e-01
-8.290112239173308417e-01
-1.279556984760567673e+00
-8.697602749005352019e-01
4.918264326179099255e-01
-1.773803844040472866e+00
9.926384526321079260e-01
8.182399369305304315e-01
1.384319185838821520e-01
7.661528033417578376e-01
8.624576656659549423e-01
7.608786942967731282e-01
1.284846048734910262e+00
1.346099663700148996e+00
3.548530575868891201e-01
4.861096213381417286e-01
-1.142616626201451296e-01
-1.872782715342936610e-01
-4.028308985060478076e-01
-6.296098507306641112e-01
-8.818571110656181489e-01
-6.051661216972221702e-01
-4.292107547042528504e-01
-1.118370914495288693e+00
-4.931167317989703092e-01
-6.783282446297171919e-01
-4.918104484033628543e-01
-1.368023766703487243e-01
2.925009860904068115e-01
-6.786844132823907083e-01
7.059031567170082067e-01
1.873691468904429280e-01
1.795750363959343954e+00
1.080219706262662394e+00
1.008875819917551819e+00
-4.083527043514493249e-01
9.741532892652454700e-01
-8.091611995809885327e-01
-3.845104082178409377e-01
-1.613013854266919900e+00
-4.291403729238547626e-01
-4.587176501498713144e-01
-7.677139279190721144e-01
-1.314884479551157170e+00
-6.028045734186969762e-01
2.208887786739905379e-01
8.395515106024772356e-01
7.447132370217133257e-01
1.006838353681572373e+00
1.257614696307771229e+00
1.801430981528054698e+00
1.352973854937539855e+00
8.283694514582909951e-01
6.511138916961372036e-01
-1.618757179566266968e-01
-2.788648304744529849e-01
-6.472317343106435139e-01
-1.012591384140134165e+00
-3.462127012878011278e-01
-7.436459455092419013e-01
-5.054739457619297216e-01
-1.460852314000908425e+00
5.972543414489461799e-02
-9.115179906972405988e-01
-4.481787623953123467e-01
-5.941076980774756544e-01
1.878785905836699854e-01
-1.047842611088632969e+00
6.724804822804175686e-01
8.106405493673028984e-01
1.453440156276601058e+00
2.918057014557499107e-01
1.219617177461297608e+00
7.984064185192907281e-02
5.134294141618404028e-01
1.310496601290139784e-02
-4.389702720030882466e-01
5.042441867916973575e-01
3.133525585548984083e-01
-4.700355013727907094e-01
-6.029068214243720192e-01
-6.182222933274392762e-01
-1.005522477527528880e+00
-8.161557784846499297e-01
-5.880252842082012155e-01
-6.847474213643632845e-01
3.913526290857999995e-02
1.129691763260511905e+00
5.828109928283431440e-01
9.826264536313437103e-01
9.056140760475279716e-01
7.949032262302173635e-01
6.212976997413897084e-01
7.606178115888289071e-01
7.156660970606367744e-01
8.286121716252925484e-01
-1.096945605243334843e+00
-3.819451511213374784e-01
-2.937351637169534624e-01
-4.980927744704144455e-02
-3.949524830967474642e-01
-1.449787758302572893e+00
-1.457004424381392882e-01
-9.068186297983766853e-01
-7.409348421311299226e-01
4.458120163264292501e-01
1.752920291396993235e-01
-2.281085270911393237e-01
3.656024373065540622e-01
9.308026180867017274e-01
2.502348865384480536e-01
5.978831821595872453e-01
5.415413651552010155e-01
2.266564751202995165e-01
6.678500065084650439e-01
8.215631668332940007e-01
2.365705966680309025e-01
-4.588864467821588966e-01
-3.097349084513278950e-01
-1.104490583421662286e+00
-5.502310887279828755e-01
-1.499169539406760121e+00
-1.168776498040111411e+00
-1.365628911644526156e+00
-5.276626746128312284e-01
-5.850256594158481649e-01
9.402475057804652314e-01
1.322122137319821977e+00
1.129427252978877361e-01
7.919448446393241303e-01
1.777978530217255715e+00
9.813808228271473366e-01
1.686785349647339727e+00
1.359706222364967187e+00
1.504721708092063293e-01
3.854529934978556671e-01
4.619123722653171171e-01
3.563344815212958205e-01
6.967317451743862966e-01
-8.894893338325211563e-01
-1.005862618912885420e+00
-1.304502793104097780e+00
2.317092308751041996e-01
-8.882442316088956513e-01
-3.144534812449206740e-01
-6.028401425953126003e-01
6.207969906418802086e-01
5.618828297007365524e-01
6.582538803396451588e-01
8.208867882775527924e-01
1.061283604326615615e+00
1.095725390658629284e+00
1.201715487128796278e+00
9.241177715679096405e-01
3.386628319391858377e-01
-5.686768361055165588e-01
7.528013422951528311e-01
-3.599258173836180630e-01
-9.253901097538280718e-01
-5.932000710921314646e-02
-1.450124492215688843e+00
-1.191756257261601837e+00
-1.862500823828951990e+00
-4.482343064286813950e-01
-6.497394638577062009e-01
-1.683416221809618807e-01
-1.556993076372885421e+00
6.642969240825045141e-01
7.045718293180889269e-01
1.182630680086651065e+00
1.261670019975943635e+00
1.651260971289897794e+00
1.137548922303368348e+00
-1.236845759460591943e-03
1.624149761254536362e+00
-3.789737982121196280e-01
1.590422526985702523e-01
5.269905679034786461e-02
-9.860149609225083989e-01
-1.131541785937675071e+00
-1.396371323905210016e+00
-1.078256533207980539e+00
-8.819075006712409071e-01
-1.389405201747603291e+00
-6.876314781518296781e-01
-2.176442563767997940e-01
2.377734329124638890e-01
-6.142764405373284387e-01
3.455705667745164189e-01
1.013158504911005231e+00
1.344699695380240367e+00
4.445263123140452688e-01
1.190246476874361692e+00
1.261493296372301565e+00
6.691893577384541159e-01
1.554198622265141883e-01
7.355886688620705272e-02
-3.347391489887590610e-01
-4.057471365311126066e-01
-1.039302180052657398e+00
-1.256678549435127579e+00
-8.971485840741302287e-01
-1.418322496539757838e+00
-1.972671534414596639e+00
-6.977483926131262670e-01
-6.943250478006417481e-01
-2.713593258657857610e-01
-2.239003910896643079e-01
8.586187630569184215e-01
3.697302155075789520e-01
1.478908752303326413e+00
3.634511588639038893e-01
1.532161351505750391e+00
1.382938972544455858e+00
1.675595103025012245e+00
3.270691029598507549e-01
3.120051367563921874e-01
-5.995587405179406137e-02
-1.048038709455920703e-01
-7.411151204509388579e-01
-1.172763264816909290e+00
-1.550181740064237257e+00
-1.313508987102969483e+00
-3.693529362239425518e-01
-7.062417498258256598e-01
5.316046448781082123e-01
1.059472873018602934e+00
5.641062663280858036e-01
6.872762511391476981e-01
5.645035216572377168e-01
5.809349742025120555e-01
6.524793452036886654e-01
1.424154351284948383e+00
1.277999641238283246e+00
5.856270363259483691e-01
4.525107181559225311e-01
-7.055117610684172869e-01
7.238557659440612024e-01
-8.005920722681630908e-01
-9.570065407418897330e-01
-7.098566533637846732e-01
-7.176505520378966274e-01
-9.190964246992153752e-01
-7.432505847824190104e-01
-6.719775461953592099e-01
-9.255350108162110345e-01
1.163900587321071045e+00
5.630247227298065260e-01
1.268648158492593714e+00
2.142185672669434382e-01
1.161181042966450860e+00
1.104709012019408076e+00
1.516892458376821740e+00
-9.174862296174646215e-02
-1.265498216375116058e-02
-7.973449829481382700e-02
-1.306369215301469433e-01
-7.632915696995596910e-01
-3.666398299687126938e-01
5.752204196486987442e-02
6.443969524756387734e-02
-9.480715330659228446e-02
-8.795963316541507426e-01
-1.079775620592806407e+00
-5.724141393772782527e-01
-9.523417896008485872e-01
-3.094267894836481569e-01
-1.075235067961068935e-01
3.458394676861172301e-01
1.162563550123421718e+00
1.227934071869514421e+00
1.155450408593332812e+00
1.380229668201311100e+00
6.805725565940031752e-01
-5.220670086945045085e-03
8.162558383406404161e-03
3.493699703470199980e-01
-3.000096405629916752e-01
-9.505560571422988492e-01
-7.657293489358918404e-01
-1.947882310153068008e+00
-6.273613799386319467e-01
-3.560497060713702089e-01
-4.793806710796257864e-01
-8.701530533984307425e-01
-1.482552991557360700e-01
3.495248840001143886e-01
-5.723562740943455296e-02
1.100103121036399401e+00
6.435841856822974716e-01
8.896131140564720319e-01
3.650133821215943986e-01
1.067564987252396680e+00
1.183559911094361539e+00
4.296865538142261576e-01
3.976500054477303259e-01
-1.213872011269154366e-01
7.080830058958492712e-02
4.527036746207605544e-01
-5.498536152799344823e-01
-1.082954965565744443e-01
-1.389557699632700372e+00
-1.081390107518898303e+00
-1.892656509598272807e-01
-1.079913511358317368e+00
-1.282449721886836702e+00
3.327764044988500980e-01
1.402812474019003164e-01
1.043226143146074536e+00
1.219730464073935927e+00
4.635047176459640150e-01
1.382170387386122634e+00
5.843196779237567196e-01
5.346875624404443528e-01
8.493894996886255377e-01
3.510244109475663676e-01
3.203559001206768841e-01
9.279228405127609713e-02
-3.389788381775926118e-01
-8.757180727452545943e-01
-2.118292170227424887e+00
-1.158741876909593849e+00
-1.008858203819570809e+00
-8.064154529559359741e-01
-1.050529413126737754e+00
-6.226060956806669378e-01
